test_iter: 51
test_interval: 102
base_lr: 0.10000000149
display: 12
max_iter: 10200
lr_policy: "exp"
gamma: 0.998407959938
momentum: 0.899999976158
weight_decay: 0.0010000000475
snapshot: 102
snapshot_prefix: "snapshot"
solver_mode: GPU
net: "train_val.prototxt"
solver_type: SGD
